5131
array([ 17,  80, 178, 233, 178,   1, 154, 248,  40, 245,  28, 206,  59,
        33,   1,  91, 221,  24,  89, 234, 117,  91,  28, 174, 135, 153,
         0, 146,   0,  47, 173,  12,  93,  34, 230, 251, 141, 177,   0,
         0,   0, 195,  28, 101, 249, 125,   2,  23, 243,  46,   0, 195,
         0,  52,  60, 214, 188, 216,  28, 184, 127, 128, 146,  35,  80,
       147, 176,  70, 141, 250, 162,  49, 165,  93,   8,  19, 152,  52,
        32,   0,   0,   0, 224, 212,  32, 194,  95, 215, 218,  99, 147,
         0, 131, 186, 170,  17,  38, 237, 236, 108, 190, 220, 206,   0,
       255,   0, 179, 114, 190,  12, 192,  83, 227,  27, 109,   0,   0,
         0, 198, 158, 210,  88, 173, 112, 110, 238, 180, 245,  83, 144,
       197, 240,  30, 177, 124, 161, 114, 231, 238, 172, 253,  28, 144,
        84])

5213
array([120, 239,  96,  64,   1, 173, 240,  34, 123, 111, 160, 193, 227,
       246, 227,   2, 139,  58, 220,  56, 222,  78,  29, 146, 218, 255,
         0, 177,   0, 160, 152, 181, 241,  24, 127, 100,  61,  20,   0,
         0,   0, 254, 175,  66,  26, 115,  43, 122,   0, 250,   0, 254,
         0, 164,  12, 150, 166,  63, 248, 182,  97,  30, 220,  20, 250,
       237, 238,  35, 165,  64,  38, 181, 188, 208,  62, 102,   9, 168,
        21,   0,   0,   0,  69, 166,  40, 249,  70, 235, 106, 179,  30,
         0, 249, 147, 110, 160, 124, 140,   4, 196, 246, 214, 219,   0,
        65,   0,  64,  36, 136,  58,  73,  86,  54, 104,  71,   0,   0,
         0,  84,  58, 106,  99,  50,  74, 156,  54, 102, 234,  25, 194,
       186, 214,  16, 189,  38, 128, 203,  87,  97, 133, 139, 124, 103,
       179])

5041
array([ 18,  34,  69, 225, 216, 161,  21,   6,  25, 153,  74, 122,   0,
        10, 232,  92,  61, 143, 152, 244, 102,   9, 177, 249, 252,  74,
         0, 171,   0,  97,  22, 207,  11, 167,  43,  33, 169, 149,   0,
         0,   0,   9,  20,  40, 107,  86, 149, 164,  44,  84,   0, 235,
         0,  56, 160,  74,  81,  38,  48, 207,   5, 131,  65,  69, 104,
        87, 145, 243, 184, 231, 171, 234,  80, 196,   7, 147, 153, 173,
        95,   0,   0,   0, 143, 108,  90,   5, 193,  57, 230, 102, 248,
         0,  96,  40,  57, 147, 227, 174,  97, 111,  11,  10, 245,   0,
        22,   0, 217, 212, 220, 147, 101, 249, 253, 105, 255,   0,   0,
         0,  15, 251, 111,  59, 203, 195, 115, 209, 103, 213, 176,  53,
        27, 176,  41, 253, 157, 107, 210, 224,   7, 173, 183, 207, 199,
       118])

5047
array([ 85, 216, 191,  62,  29, 204, 128, 149,  75, 109, 195, 138,  73,
        45, 107,  36,  99, 218, 167,  41,  42,  47, 158, 168, 222,  68,
         0, 151,   0, 213, 124,  83, 198,   8,  17,  45, 190, 254,   0,
         0,   0, 100, 175, 252, 138, 170, 170,  32, 119,  58,   0,  78,
         0, 105, 153, 114, 211, 186, 131,  10,  78,  52, 241,  98, 103,
        55, 255, 251,  30, 154,  59,  55, 118,  18, 206,   9,  48, 105,
       235,   0,   0,   0, 200, 119, 218, 164, 177,  64, 212, 211,  75,
         0, 106,   0,  25, 101, 157, 179, 229, 215, 103,  88, 184,   0,
       123,   0,  92, 195,  50,  50, 135, 200, 137, 220,  82,   0,   0,
         0, 220, 210, 140,  60, 137, 232,  58,  27, 101,  82, 133, 200,
        89, 152,  89, 158, 159,   4, 154, 163,  71, 152, 166, 212,  76,
        90])

5033
array([173, 199, 108,  76, 117,  88, 164,  37,  54, 113,  12, 244, 251,
       170, 118,   1, 160, 197, 112, 214,  44,  20, 132, 203,  88, 171,
         0, 199,   0,  55,  21, 160, 158, 141,  21, 207,  88,  27,   0,
         0,   0, 109, 246, 180, 159,  30, 104,  50, 109, 220,   0, 129,
         0, 213, 234, 232,   9, 155,  82,  94,  81, 205,  70, 196, 182,
        33, 152, 168,  10, 218, 127, 107, 175,  66, 232, 206, 249, 164,
       229,   0,   0,   0, 255,  17,  13, 226,  71,  10,  16, 103, 255,
         0, 232,  96, 239,  25, 154,   5,  95, 253, 243, 224, 152,   0,
       149,   0, 240,  62, 159,  27, 199, 123, 191, 184, 171,   0,   0,
         0, 244, 218, 241, 254, 149,  21,  41,  59,  15, 174, 132, 127,
       199, 180, 168, 115, 167,  86, 186, 252, 135, 110,  60, 115,  11,
       241])

5011
array([156,  28, 208,  20, 175,  21,  94, 177,  67,   0,  46,  46, 175,
       128, 252, 184,  67, 230,  33, 160, 164,  92,  36,  33, 238,  63,
         0,  14,   0,  50, 132, 106, 150, 176,  93, 171, 165, 161,   0,
         0,   0, 208, 248, 102, 242,  53, 245,  31,  92, 182,   0, 167,
         0, 147,  95,  23, 161, 131, 221,  36,  42, 219, 248, 189, 174,
        40, 123,   1,   7,   6,  76, 115, 208,  29, 253, 133, 149,  62,
       188,   0,   0,   0,  28, 122,  39, 133,  14, 214,  66, 246, 242,
         0, 194,  33,  92,  18, 249,  68,  21, 108,  22, 211,  75,   0,
       155,   0,  90, 104, 214,  37, 149, 236, 241, 184, 194,   0,   0,
         0, 245,  13, 192,   2, 105, 153,  90, 118, 100,  99,   1, 145,
       168,  89,  65, 237,  80, 213, 198,  69, 227, 127, 202, 121, 131,
        83])

5055
array([ 12,  93,  80, 159,  32, 213,  10, 131, 205, 205, 141, 212, 175,
        71,  48, 171, 194,  90, 193, 241,  35, 128, 174, 174,  50, 132,
         0,  16,   0, 181, 156, 191, 243, 243, 233, 120,  15, 138,   0,
         0,   0,  25, 183, 124,  75,  85, 231,  36,  75, 132,   0, 165,
         0, 213,  10, 116,  39, 100, 205, 180, 172, 129,  32, 101, 161,
        75,  24, 247,  24, 140, 214,  30,  85, 164,  97, 206,  65, 144,
       162,   0,   0,   0, 134, 163, 235, 154,  58,   2, 123, 151, 220,
         0, 108, 202, 213,  30,  93, 125,  95, 165, 138,  48, 136,   0,
         8,   0, 234, 217,   8, 145, 173, 190, 158, 177,  51,   0,   0,
         0, 152,  30,  24, 246,  95,  83, 177,  63,  61, 148, 212,  16,
       130, 111, 149,  74, 207,  28, 112, 120,  41, 248,  62, 245, 207,
        63])

5107
array([247, 162, 102,   7, 140, 206,  27, 105, 177, 234, 224,  89, 198,
        10, 236,  28,  50, 255,  70, 118,  56, 127,  70, 236, 188,  60,
         0,  20,   0,  20, 221, 147,  36, 130,  29, 215,  18,  98,   0,
         0,   0,  39, 253,  25,  43,  12, 253, 222,   3,  40,   0,  93,
         0,  83,   9,  55,  26, 235, 251, 199,  89, 156,  44, 122,  83,
       186, 165, 204, 157,  15, 214, 183, 102,  64, 165, 106,   8,  65,
       239,   0,   0,   0, 188, 207,  43, 125, 231, 220, 208,  30, 106,
         0, 170, 255, 199,  33, 102, 143,  18, 129, 222, 194, 125,   0,
       207,   0, 186, 193,  68, 250, 155, 100, 151,  37, 159,   0,   0,
         0, 205,  34,  49,  28,  69,  35,  73, 110, 118, 141,  89,  44,
       211, 250,  81,  95,  47, 131,  78,  82,  53, 154, 197,  23, 155,
       128])

5041
array([137,  56, 142,  35,  85, 206, 199,  71,   1,   9,  28,  16, 114,
       153,  89,  53, 165, 124,  33,  74, 168, 114, 203, 197, 104, 169,
         0,   9,   0, 228, 108, 133, 249,  50, 241, 217,  62, 162,   0,
         0,   0, 185,  15, 137,  24, 147, 204,  80, 176,  84,   0,  75,
         0, 239, 119, 139,  91,  61,  54, 254, 130, 125,  91,  44,  68,
        55, 118,  93,  67,  78, 144,  29, 189,  25,  83,  93, 101, 146,
       142,   0,   0,   0, 112,  81, 150, 232, 218,  36,  41, 141,  97,
         0,  50, 170,  91,  26, 248,  85, 241, 226, 225, 185, 150,   0,
       239,   0, 220,  98,  39, 127, 222, 135,  60,  72,  81,   0,   0,
         0, 196, 213,  53, 138, 215, 173, 246, 168, 167, 150, 143,  87,
       154,  98,  83, 196, 142, 203,  29, 160, 253,  40,  61,  26,  24,
       218])

5143
array([  7, 229, 240,   7,  16,  39, 208, 153, 238, 222,  61,  54, 255,
        74, 187, 128, 242, 137, 241,  63, 108, 126,  35, 214, 233, 232,
         0, 148,   0, 177, 165, 190, 206, 126,  54,  52,   6,  66,   0,
         0,   0,  86, 140, 184,  68, 108, 196, 138, 190, 104,   0, 166,
         0, 188, 233, 104, 142,   0, 162,   1,   0, 135,  23,  28, 232,
        11, 242,  32,  19, 172,  30,  56,  91, 177,  67,  13, 102, 165,
       192,   0,   0,   0,  58, 189, 116, 210, 186,  57,  41,  94,   6,
         0, 143,  55, 160, 156,   4, 126, 216,  67,  83, 223, 213,   0,
        97,   0,  97,  11, 187,  13, 211, 136, 157, 111, 151,   0,   0,
         0, 112, 201, 191,   8, 240, 183,  42, 124,  57, 114, 110, 197,
       161, 151, 229, 249,  41, 251, 129, 240, 104, 162,  39,  25,  54,
       152])

5027
array([106, 172, 252,   0,  98, 202, 189,  30, 247,  81,  28, 157,  54,
       106, 173, 211,  69, 220, 210, 234,  60, 180, 212, 127, 222,  19,
         0, 137,   0,  57, 193,  17,  68,  33, 251, 230,  84,  37,   0,
         0,   0, 178, 246, 110, 155,  73,  95, 233, 114,  20,   0, 127,
         0,  13, 176,  49, 185, 236, 209, 198, 104,  58, 213, 122, 165,
       151, 183, 122, 116, 211, 132,  71, 123,  14, 199, 171, 112,  72,
       143,   0,   0,   0, 232,  29, 224, 169, 122,  35,  16, 189,  94,
         0,  23,  37, 247, 241, 119, 123, 231,  26,  28, 197,   7,   0,
       234,   0, 124, 155,  51,  13, 117,  70,   6,  67, 194,   0,   0,
         0,  13, 110, 248, 109, 246, 159, 120, 231,  80, 156, 158, 216,
       149, 124, 101, 138,  37,   8,  75, 107, 224, 106,  99, 105, 250,
       210])

5093
array([233,  64,  73,  41, 133, 160, 103, 151, 127, 176,  14, 222, 203,
        97, 250, 251,  26, 103,  20, 120, 128, 153,   1, 101, 125, 133,
         0, 128,   0, 195, 179,  43, 118, 115,  40,  78, 250, 141,   0,
         0,   0, 182, 248, 105, 219,  57,  85,  34, 134,  87,   0, 164,
         0,   9, 238,  88, 105, 106, 246,  89, 119, 133,  15,  68, 193,
       123,  40, 250,  51, 145, 145, 126, 172, 211, 121,  16, 244, 156,
        17,   0,   0,   0,  43, 121,  25, 147,  17, 206, 122,  56, 118,
         0, 253,  19,   0,  65,  93,  11, 126, 234, 132,  95, 221,   0,
        59,   0, 116,  55, 187,  64,  63, 104,  66, 176,  19,   0,   0,
         0,  75,  34, 236, 184,  58, 139, 201, 119, 146, 186,  17,  26,
        62,  42,  13, 255, 166, 144,  90, 140, 145,  70,  24, 154,  90,
        87])

5043
array([175,  82, 171, 163,  75, 215, 240, 223, 179, 238, 181,  58,  24,
       103, 199,  52, 252,  77,  84, 226,  41,  84,  87, 226, 176,  78,
         0,  73,   0, 193, 180, 172, 184, 152, 152, 170,  99, 141,   0,
         0,   0,  56, 248,  68,  13,  20,   9, 246,  25, 231,   0, 206,
         0,  85,   6, 170, 192, 137, 164, 238, 170,  99, 184, 109, 202,
        67,  87,   7,  38, 169,  79, 171, 164, 234, 241,  31,  45,  17,
       136,   0,   0,   0, 233,  59,  98, 208, 237,  30,  79,  27,  60,
         0, 112, 231, 210, 107,  99, 103,  85, 177, 217, 125,  49,   0,
       253,   0,  97,  52, 248, 217, 171,  66, 217, 204, 166,   0,   0,
         0, 212,  81, 241,  77, 152, 200, 131,  96,  93, 188, 170, 160,
        30, 166,  71, 225,  23, 153, 232,  52, 137, 228, 212, 159, 124,
       128])

5095
array([ 24, 150, 171, 131, 111,  88, 164,  19,  33,  20,  67, 205,  61,
       203, 238, 220,  51,  81, 201,  78, 107,  81, 214, 196,  21, 181,
         0,  42,   0, 131, 235, 172, 107, 226, 226,  91, 168, 244,   0,
         0,   0,  49, 180,  67, 167, 173, 198,  76, 177, 136,   0, 102,
         0,  55,  51,  93, 253,  75,  56, 243, 200, 135, 114,  70,  61,
       239, 121, 137, 147,  64, 117, 158,  82, 131, 189, 145, 180,  10,
       186,   0,   0,   0, 165,  66, 135,  48, 159, 201,  36, 175, 232,
         0, 115, 172,  58, 148, 103, 218, 198,  79, 101,  32,  62,   0,
        23,   0,  47, 202, 198, 254, 163,  71, 136, 134,  35,   0,   0,
         0, 100, 189, 241,  74, 147, 104, 199, 114,  39,  57,  13,  75,
       171, 218, 152,  76,  59,  69, 143, 157, 225,  40, 144,  12,  52,
        75])

5117
array([214, 192, 198,  45, 111,  46, 243,  35,  41, 245,  11,  69,  83,
       238, 241,  82,  90, 101, 104, 188, 146, 104, 244, 240, 158,  82,
         0,  12,   0, 175,  15,  32, 165, 127, 240,  56, 129,  56,   0,
         0,   0,  17, 151, 174,  53, 220, 190, 163, 168, 143,   0,  57,
         0,  43,  70,  50,  81, 110, 134,  42, 108, 147, 153,  90,  69,
        41,  99,  83,  82,  75,  61, 199,  30,  91, 171, 195,  86,  26,
       249,   0,   0,   0,  16,  93,  21,  75, 171,  79,  58, 175,  74,
         0, 231, 221, 124,  26, 199, 222, 230, 172,  17, 184, 101,   0,
       139,   0,  52, 244,  36, 142, 201, 136, 234, 218,  30,   0,   0,
         0,  29, 116,  70, 104,  44,  87,   0,  89, 110,  67, 243,  24,
       197, 209, 160,  41, 221, 131, 210, 198,  29, 166, 112, 125, 243,
       135])

5233
array([228,  82, 160, 187,  36, 114,  67,  53,  58,  74,  28, 147, 129,
       170, 170, 125, 155, 233,  92, 142,  84, 100, 130, 224,  40, 238,
         0,  35,   0, 226,  74, 207,  38,  50, 147,  19, 133, 131,   0,
         0,   0, 189, 197,  92,  34,  32, 217, 122,  74, 217,   0, 108,
         0,  47, 114, 130, 147, 112,  69, 198, 238, 137, 248, 205, 217,
       232, 155,  39,  67,  70, 107, 188,  95,   4, 153,  97,  56,  73,
       138,   0,   0,   0,   9,  77, 151, 128, 186,  12, 135,  94, 131,
         0, 220,  25, 101,   8, 199,  46,  17, 123,  21,  17,  41,   0,
       202,   0,  62,  51,  67, 104, 255, 218,  34,   6,  14,   0,   0,
         0, 183,  53,   4, 184, 170, 124, 217, 203,  36, 225, 231, 188,
       122, 244,  63,  45, 203,  19, 221,  93, 218,  80, 183,  67, 254,
       236])

